To run the project,

Your system have preinstalled python3.
Your system must have the following packages installed:
    - csv
    - copy
    - math
    - SVC

Now, unzip the folder and open terminal/command prompt in that folder itself.
Fire the command: python project2.py
And the programm will generate the expected output.


OUTPUT:
Please provide value for K to run KNN on the given data(default K = 5)3
KNN Accuracy:  67.0
This is K for Centroid method:  2
Centroid Accuracy:  66
Weight:  [[ 0.53030486  0.90438804 -1.          0.          0.         -0.76477242
   0.00744901  0.          0.         -0.44174911 -1.          0.8209243
  -0.47137227  0.         -0.25914558  0.          1.          0.
   0.49770556  0.21618183  0.          1.         -0.39510709 -0.57709371
   0.          0.         -0.06771343 -0.11769037  0.11769037 -0.63577813
  -0.43301599  0.13352064  0.1781659   0.75710759 -0.10969523  1.13788667
  -0.63658587 -0.49358878  0.50175357 -0.39977036  0.         -0.13693134
   0.11768615  0.         -0.01891147  0.          0.9886833  -0.15645094
  -0.21132311  1.08259941 -0.53184954  0.25661556 -0.95108982 -0.43902821
   0.06301449 -0.04463457 -0.04173222  0.17301827  0.          0.34475277
  -0.49441873  0.          0.43301577 -1.31199186  0.81496833 -0.43301599
   0.24641506  0.          0.4776343   0.41166848 -0.88231385  0.70908103
  -0.54106282  0.17646816  0.75716074 -0.09569154 -0.76233581 -0.15387088
   0.36456185  0.12153188 -0.34894819 -0.11540924  0.13213458  0.14419262
   0.30764601]]
Margin:  0.2143454667211449
Bias:  [-1.8570048]
Alpha:  [[1.         1.         1.         1.         1.         1.
  1.         1.         1.         1.         0.39510709 1.
  0.39249845 1.         1.         1.         1.         1.
  1.         1.         1.         1.         0.6928999  0.34803411
  1.         1.         1.         1.         0.83413337 1.
  1.         0.0909941  0.04546452 1.         1.         1.
  1.         1.         0.78381817 1.         1.         1.
  1.         1.         1.         1.         1.         1.
  1.         1.         1.         1.         1.         1.
  0.25914558 1.         1.         0.38320003 1.         0.47755026
  0.55878452 1.         0.97861202 0.79012388 1.         1.
  1.         1.         1.         1.         1.         1.
  1.         0.44174911 1.         1.         1.         0.13574515
  1.         1.         1.         1.         1.         1.
  1.         1.         0.72231677 0.93698551 1.         1.
  0.76233581 1.         1.         1.         1.         1.
  1.         0.47137227 1.         1.         1.         1.
  1.         0.54106282 1.         1.         0.88231385 1.
  1.         0.26846995 1.         1.         1.         1.
  0.92093302 1.         1.         1.         1.         0.15903561
  1.         1.         1.         0.76477242 1.         1.
  1.         1.         1.         1.         1.         1.
  1.         0.56418197 0.66794612 1.         1.         0.57709371
  1.         1.         1.         0.04463457 0.43301599 1.
  1.         1.         1.         1.         1.         0.13693134
  1.         1.         1.         1.         1.         1.
  1.         1.         1.         1.         1.         0.57132734
  1.         0.31199186 1.         1.         1.         1.
  1.         1.         1.         1.         1.         0.42338671
  1.         1.         1.         1.         0.94859488 1.
  1.         1.         1.         1.         1.         1.
  1.         1.         1.         1.         1.         1.
  1.         1.         1.         1.         1.         1.
  1.         1.         1.         1.         1.         1.
  1.         1.         1.         1.         1.         1.
  1.         1.         1.         1.         1.         1.
  1.         0.28466347 1.         1.         1.         1.
  1.         1.         1.         1.         1.         1.
  1.         1.         1.         1.         1.         1.
  1.         1.         1.         1.         1.         1.
  1.         1.         1.         1.         1.         1.
  1.         1.         1.         1.         1.         1.
  1.         1.         1.         1.         1.         1.
  1.         1.         0.29071606 1.         1.         1.
  1.         1.         1.         1.         1.         1.
  1.         1.         1.         1.         1.         1.
  1.         0.8209243  1.         1.         1.         0.01504307
  1.         1.         1.         1.         1.         1.
  1.         1.         1.         1.         1.         1.
  1.         1.         1.         0.57877635 1.         1.
  1.         1.         1.         0.74486128 1.         1.
  1.         1.         1.         1.         1.         1.
  1.         1.         1.         1.         1.         1.
  0.66432586 1.         0.1963324  0.87974052 0.30878097 1.
  1.         1.         1.         1.         1.         1.
  1.         1.         0.49770556 1.         1.         1.
  1.         1.         1.         1.         1.         1.
  1.         1.         1.         1.         1.         1.
  1.         1.         1.         1.         1.         1.
  1.         1.         1.         1.         1.         1.
  1.         1.         1.         0.90438804 1.         1.
  1.         1.         1.         1.         1.         1.
  1.         1.         1.         1.         0.53030486 1.
  1.         1.         1.        ]]
Bias:  [-1.38454518]
Alpha:  [[1.         1.         1.         1.         1.         1.
  1.         1.         1.         1.         1.         1.
  0.61901544 1.         0.2806151  1.         1.         1.
  1.         1.         1.         1.         1.         1.
  1.         1.         1.         1.         1.         1.
  1.         1.         1.         1.         1.         1.
  1.         1.         0.02445818 1.         1.         1.
  1.         1.         1.         0.60606743 1.         1.
  1.         1.         1.         1.         1.         1.
  1.         1.         1.         1.         1.         1.
  1.         1.         1.         1.         1.         1.
  1.         1.         1.         1.         1.         1.
  1.         1.         1.         1.         1.         1.
  1.         1.         1.         1.         1.         1.
  1.         1.         1.         1.         1.         1.
  1.         1.         1.         0.27069034 1.         0.17682427
  1.         1.         1.         1.         1.         1.
  0.9251141  1.         1.         1.         1.         1.
  1.         1.         1.         1.         1.         1.
  1.         1.         1.         1.         1.         1.
  1.         1.         1.         1.         1.         1.
  1.         1.         1.         1.         1.         1.
  1.         1.         1.         1.         1.         0.94008627
  1.         1.         1.         1.         1.         1.
  1.         1.         1.         1.         1.         0.09604997
  1.         1.         0.21030132 1.         1.         1.
  1.         0.84415009 1.         1.         1.         1.
  1.         1.         1.         1.         1.         0.19502565
  1.         1.         1.         1.         1.         0.53745268
  1.         1.         1.         1.         1.         1.
  0.4207122  1.         0.70388844 1.         0.0842017  1.
  1.         0.12845665 1.         1.         1.         1.
  1.         1.         1.         1.         1.         1.
  1.         1.         1.         1.         0.93689018 1.
  1.         1.         1.         1.         1.         1.
  1.         1.         1.         1.         1.         1.
  1.         1.         1.         1.         1.         1.
  1.         1.         1.         1.         1.         1.
  1.         1.         1.         1.         1.         1.
  1.         1.         1.         1.         1.         1.
  1.         1.         1.         1.         1.         1.
  1.         1.         1.         1.         1.         1.
  1.         1.         1.         1.         1.         1.
  1.         1.         1.         1.         1.         1.
  1.         1.         1.         1.         1.         1.
  1.         1.         1.         1.         1.         1.
  1.         1.         1.         1.         1.         1.
  1.         1.         1.         1.         1.         1.
  1.         1.         1.         1.         1.         1.
  1.         1.         1.         1.         1.         1.
  1.         1.         1.         1.         1.         1.
  1.         1.         1.         1.         1.         1.
  1.         1.         1.         1.         1.         1.
  1.         1.         1.         1.         1.         1.
  1.         1.         1.         1.         1.         1.
  1.         1.         1.         1.         1.         1.
  1.         1.         1.         1.         1.         1.
  1.         1.         1.         1.         1.         1.
  1.         1.         1.         1.         1.         1.
  1.         1.         1.         1.         1.         1.
  1.         1.         1.         1.         1.         1.
  1.         1.         1.         1.         1.         1.
  1.         1.         1.         1.         1.         1.
  1.         1.         1.         1.         1.         1.
  1.         1.         1.         1.         1.         1.
  1.         1.         1.         1.         1.         1.
  1.         1.         1.         1.         1.         1.
  1.         1.         1.         1.         1.         1.
  1.         1.         1.         1.         1.         1.
  1.         1.         1.         1.         1.         1.
  1.         1.         1.         1.         1.         1.
  1.         1.         1.         1.         1.         1.
  1.         1.         1.         1.         1.         1.
  1.         1.         1.         1.         1.         1.
  1.         1.         1.         1.         1.         1.        ]]
SVM linear Accuracy:  74.0
SVM gaussian Accuracy:  69.0
